36957824
36959242
36959445
36961063
36962955
36963231
36971898
36975868
36976597
36981509
36982891
36982892
36983564
36984866
36989631
36991541
36991898
36993121
36997144
36997441
36997513
37008265
37008819
37008823
37008890
37008891
37011034
37015502
37015507
36955208
36955209
36955210
36955211
36955214
36955215
36957544
36957546
36957548
36957552
36969459
36969460
36969461
36969462
36969463
36969464
36969465
36969466
36970580
36970581
36970582
36970583
36970584
36970585
36970586
36970587
36972414
36972415
36972416
36972417
36972418
36972419
36972420
36972421
36972422
37007562
37007579
37007580
37007581
37007582
37007583
37008017
37008018
37008019
37008020
37008021
37008022
37008023
37008024
37008025
37008183
37008184
37008185
37008186
37008394
37010393
37012742
37012743
37012745
37012748
37012750
37013608
37013609
37013610
37013611
37013612
37013613
37013614
37013615
37013616
37013617
37013817
37013818
37013819
37013820
37013821
37013822
37013823
2002949
2002950
18433638
18433906
2002933
2002934
2002937
2003047
2003043
95602295
95602250
18433502
18434090
2002949
2002950
18433638
18433906
2002933
2002934
2002937
2003047
2003043
95602295
95602250
18433502
18434090
18433675
18433675
2003404
2002930
2002929
2002979